Name,iota,anchor-protocol,compound,bitcoin-sv,drep,moonbeam,usd-coin,chainlink,basic-attention-token,bittorrent,enjin-coin,bitlux-otc,sumcoin,binance-coin,shiba-inu,huobi-btc,bancor-network-token,kava,unus-sed-leo,the-graph,elrond,helium,compound-dai,fei-usd,compound-ether,gnosis,theta-fuel,lido-staked-ether,hedera-hashgraph,keep-network,monero,wojak-finance,golem,bitcoin-defi,gatetoken,ecash,thorecoin,ravencoin,voyager-token,celo,zilliqa,cryncoin,solana,holo,yaapoo,open-governance-token,the-transfer-token,convex-finance,bitgert,magic-internet-money,bitkub-coin,waves,uniswap,siacoin,pocket-network,youcash,bitdao,bitcoin-nft,frax,the-sandbox,osmosis,loopring,ontology,aave,zcash,amp,woo-network,ethereum-classic,internet-computer,dogecoin,klaytn,mina-protocol,kusama,neo,apenft,huobi-token,cosmos,nem,ftx-token,bora,decentraland,bittorrent-[old],swissborg,mixin,cronos,stellar,axie-infinity,algorand,renbtc,marinade-staked-sol,arweave,eos,pancakeswap,ecomi,curve-dao-token,defichain,egw-academy,hex,tether,wrapped-bitcoin,livepeer,near-protocol,decred,perspective-coin,bifrost,thorchain,polygon,ethereum,litecoin,qtum,bitcoin-cash,bitcoin,cardano,icon,pax-gold,stacks,kadena,dash,the-bee-token,wemix-token,toncoin,tezos,iotex,liquity-usd,nexo,tron,fantom,audius,uma,chiliz,filecoin,gala,bitcoin-gold,render-token,unfoldu-group-coin-(new),maker,nexus-mutual,juno,okb,avalanche,compound-usd-coin
iota,0.0,0.0004680147711735827,0.09438397564110705,0.03939367968786091,5.89885790222385e-05,0.0015500310089435797,0.00023684096154466666,0.004297073510955545,7.096990970276519e-05,0.00023715354333737846,0.0001820490643896999,0.005167725019392332,0.019232059150144143,0.06673067420411095,0.00023714350492061288,5.701013246377829,0.0007994722303208579,0.0005662537186856089,0.00033920759689933894,2.4014182474726583e-05,0.04945919171458729,0.006001185155462158,0.00023701583379226316,0.00020576229305922198,0.00981598226281818,0.06746005931253612,0.00018135045633657998,0.5003754635301817,0.00019200404910496127,0.00013111991838802005,0.03853480373872436,0.0002048035236255091,0.0001704931871283889,0.07809420535812853,0.0008230468973820507,0.0002371085465512469,3.956252835792399,0.00020968949515792534,0.0003825673154300818,0.0005527342436281897,0.0002078401714633844,0.5849877381556947,0.04264837981988477,0.00023459759551658734,1.0061291712577216,0.0001644217183037995,0.0016010189590994553,0.00754628627767308,0.0002371534920608396,0.0002341140122302652,0.0006022785990206372,0.003958012261521104,0.004531302086957917,0.0002322396957005329,7.722769836267911e-05,0.0001945411060214216,2.7341982274683177e-05,0.11200345780397164,0.0002355319508425837,0.0009681883804004671,0.0012515115132326433,0.00023445701291019817,3.773536775105536e-05,0.05782606646199235,0.029009651118987803,0.0002274289588542326,6.583336340840243e-05,0.011912099651930848,0.028783439828792473,0.00017340081829170145,0.0001837442254959588,0.012742445059755653,0.06246484404119104,0.012789510721629925,0.00023715308746588332,0.0028206166125091634,0.005216112809326977,0.00017075101831479818,0.006651070922409015,3.115946468563271e-06,0.00048175424016470354,0.00023611647052421809,8.710720961985011e-05,0.04202068515618664,0.00012960491837370804,0.00016971582669547507,0.02844738940582421,3.311892024662902e-06,5.710751763120134,0.04668398996760792,0.011128635802319651,0.000809630890069919,0.004058497344370151,0.00023582524206943207,0.00043460465890395755,0.00013756987644723058,0.0002590793467253009,0.00016281814195196685,0.00023696649089771616,5.705349268795388,0.006921693277784946,0.002199656333921033,0.027304651099702856,0.00022254957049432187,0.0006956510212209298,0.001993894340127507,0.00011993645204031299,0.503085831551928,0.032008272522485746,0.002330217375410181,0.12744277680753638,5.694894762684365,6.552184758782477e-05,0.00013972693414857404,0.031207510666710472,6.464931615987894e-05,0.0031859409078249428,0.040846261796204444,0.00023715363686400124,0.002571535529591801,0.00046882982947371197,0.0006275238267318126,0.00021050380443360777,0.00023047455195134408,0.00015496049673340684,0.00022257962695054406,0.00032280665289611946,0.00019052235731456822,0.0037124353119819863,0.0001659649954704981,0.024428729522743917,0.0001324683741240729,0.014341617739562905,0.0007748262525515123,0.0002362515655052464,0.47746315316636456,0.01772047682443156,0.005295890513703507,0.003585960123079336,0.020099700867199862,0.00023676103895212553
anchor-protocol,0.0004680147711735827,0.0,0.09391596086993043,0.03892566491668427,0.00040902619218356994,0.0010820162377687401,0.0007048557327291054,0.003829058739778607,0.0005389846808738656,0.0007051683145292076,0.00028596570678129154,0.004699710248215817,0.018764044378967587,0.06626265943293434,0.0007051582760977127,5.700545231606653,0.0003314574591523576,9.823894751437573e-05,0.0001288071742374084,0.00044400058853563413,0.04899117694341059,0.005533170384284747,0.000705030604978806,0.0006737770642520671,0.009347967491642245,0.0669920445413595,0.0006493652275289845,0.49990744875900506,0.0006600188202889253,0.000599134689588133,0.038066788967547796,0.0006728182948082642,0.0006385079582969383,0.07762619058695197,0.0003550321262089695,0.0007051233177419508,3.955784821021222,0.0006777042663552007,8.544745575266603e-05,8.471947247507529e-05,0.0006758549426560938,0.5845197233845181,0.042180365048708195,0.0007026123667045209,1.005661156486545,0.0003035930528682883,0.0011330041879242948,0.007078271506496688,0.0007051682632379273,0.0007021287834110654,0.000134263827821402,0.003489997490345585,0.004063287315780802,0.0007002544668636739,0.0003907870728255582,0.0006625558772138405,0.00044067278884892783,0.11153544303279503,0.0007035467220168481,0.0005001736092199239,0.0007834967420550134,0.0002335577582260076,0.0004302794032870831,0.057358051690815814,0.028541636347811105,0.000695443730034262,0.0005338481345448108,0.011444084880754147,0.028315425057616025,0.0006414155894968757,0.00028427054569029643,0.012274430288579576,0.06199682927001444,0.012321495950453124,0.0007051678586541442,0.002352601841331088,0.004748098038150096,0.0006387657895122301,0.006183056151232348,0.0004711307185996998,1.373946935112621e-05,0.0007041312416986825,0.0005551219808263294,0.041552670385009954,0.0005976196895468558,0.0006377305978973421,0.02797937463464775,0.00046470287971719183,5.7102837483489575,0.04621597519643143,0.010660621031143689,0.0003416161189071211,0.0035904825731943664,0.000703840013249091,3.341011230074613e-05,0.0003304448947274356,0.00020893542445708896,0.0006308329131234294,0.0007049812620780171,5.704881254024212,0.006453678506608589,0.001731641562745768,0.02683663632852609,0.0006905643416695151,0.00022763625005860005,0.0015258795689554443,0.0003480783191586571,0.5026178167807513,0.03154025775130919,0.001862202604235348,0.12697476203635974,5.694426747913189,0.00040249292357436744,0.00032828783702937834,0.030739495895533996,0.0004033654549707707,0.002717926136651092,0.040378247025027736,0.0007051684080441494,0.0021035207584154643,8.150599753798331e-07,0.0001595090555335647,0.0006785185756311784,0.0006984893231194212,0.0003130542744305566,0.0006905943981361421,0.0001452081182834377,0.00027749241387532735,0.0032444205408055315,0.0006339797666548033,0.023960714751567275,0.0006004831453117855,0.013873602968386693,0.0003068114813875267,0.0007042663366772689,0.476995138395188,0.017252462053254952,0.00482787574252842,0.0031179453519014438,0.019631686096023126,0.0007047758101164851
compound,0.09438397564110705,0.09391596086993043,0.0,0.05499029595324606,0.0943249870621147,0.0928339446321644,0.09462081660265531,0.0900869021301521,0.09445494555080537,0.0946211291844571,0.09420192657671764,0.08921625062171502,0.0751519164909629,0.027653301436996056,0.09462111914602377,5.606629270736723,0.09358450341078905,0.093817721922417,0.09404476804420064,0.09435996145847268,0.04492478392651983,0.08838279048564535,0.09462099147490693,0.09458973793417756,0.0845679933782885,0.026923916328570892,0.09456532609745867,0.4059914878890747,0.09457597969022052,0.09451509555951314,0.055849171902382685,0.09458877916474392,0.09455446882822834,0.016289770282978372,0.09356092874372071,0.09462108418767441,3.861868860151292,0.09459366513627968,0.09400140832568181,0.0938312413974816,0.09459181581258544,0.49060376251458765,0.051735595821222204,0.09461857323663872,0.9117451956166145,0.09421955392279519,0.09278295668200717,0.08683768936343417,0.09462112913316519,0.09461808965334192,0.09378169704208367,0.09042596337958599,0.08985267355414958,0.09461621533679423,0.09430674794275291,0.0945785167471389,0.0943566336587794,0.017619482162864592,0.09461950759194744,0.09341578726070689,0.09313246412787284,0.09414951862817245,0.09434624027321592,0.03655790917911471,0.06537432452211925,0.09461140459996646,0.09444980900446785,0.08247187598917623,0.06560053581231451,0.09455737645942464,0.09420023141562285,0.08164153058135108,0.031919131599915974,0.08159446491947726,0.09462112872857754,0.09156335902859909,0.08916786283178008,0.09455472665943641,0.08773290471869793,0.0943870915885356,0.09390222140093693,0.0946200921116326,0.09447108285074972,0.052363290484920444,0.09451358055947584,0.0945536914678205,0.06593658623528266,0.09438066374965105,5.616367787479027,0.04769998567349904,0.08325533983878716,0.09357434475103059,0.09032547829673712,0.09461980088317577,0.09394937098219323,0.09424640576465672,0.094124896294372,0.09454679378305178,0.0946209421320068,5.6109652931542815,0.08746228236332229,0.09218431930718479,0.06707932454140429,0.09460652521159531,0.09368832461989003,0.09239008130097814,0.09426403918909318,0.408701855910821,0.06237570311862125,0.09205375826569624,0.03305880116642931,5.600510787043258,0.09431845379350459,0.09424424870695901,0.06317646497439651,0.09431932632489458,0.09119803473328138,0.05353771384490266,0.09462112927797371,0.09181244011151597,0.09391514581163751,0.09375645181437699,0.09459447944556318,0.09461445019305001,0.0942290151443549,0.09460655526806915,0.09406116898821665,0.09419345328380266,0.09067154032912472,0.09454994063658492,0.06995524611836325,0.09451644401523564,0.08004235790154401,0.09360914938855334,0.0946202272066065,0.38307917752525755,0.07666349881667546,0.0890880851274031,0.09079801551802849,0.0742842747739072,0.09462073668004675
bitcoin-sv,0.03939367968786091,0.03892566491668427,0.05499029595324606,0.0,0.03933469110886867,0.03784364867891824,0.039630520649409265,0.035096606176905985,0.03946464959755933,0.039630833231211,0.039211630623471494,0.034225954668468825,0.020161620537716883,0.02733699451624995,0.03963082319277765,5.661619566689968,0.03859420745754303,0.03882742596917101,0.03905447209095446,0.039369665505226595,0.010065512026726458,0.033392494532399154,0.039630695521660875,0.039599441980931384,0.029577697425042446,0.02806637962467511,0.03957503014421261,0.46098178384232075,0.039585683736974325,0.03952479960626712,0.000858875949135291,0.039598483211497684,0.039564172874982304,0.038700525670267584,0.038570632790474645,0.03963078823442823,3.916859156104538,0.03960336918303367,0.03901111237243578,0.03884094544423539,0.03960151985933928,0.5455940584678337,0.0032547001320233433,0.03962827728339266,0.9667354915698606,0.039229257969549174,0.03779266072876106,0.031847393410188114,0.03963083317991915,0.039627793700095885,0.03879140108883749,0.03543566742633997,0.03486237760090345,0.03962591938354821,0.039316451989506875,0.03958822079389283,0.0393663377055333,0.07260977811611065,0.039629211638701325,0.03842549130746079,0.038142168174626734,0.03915922267492632,0.03935594431996986,0.018432386774131462,0.010384028568873355,0.03962110864672036,0.03945951305122176,0.027481580035930084,0.010610239859068456,0.03956708050617848,0.039209935462376805,0.026651234628104974,0.023071164353329995,0.026604168966231283,0.039630832775331484,0.036573063075352984,0.03417756687853393,0.039564430706190354,0.032742608765451715,0.03939679563528952,0.03891192544769081,0.0396297961583864,0.0394807868975036,0.002627005468326416,0.039523284606229704,0.039563395514574405,0.010946290282036376,0.03939036779640505,5.671358083432273,0.007290310279746584,0.028265043885540964,0.0385840487977844,0.03533518234349107,0.039629504929929685,0.03895907502894717,0.03925610981141068,0.03913460034112593,0.03955649782980561,0.03963064617876067,5.6659555891075275,0.0324719864100762,0.03719402335393865,0.012089028588157991,0.0396162292583491,0.03869802866664392,0.03739978534773212,0.0392737432358471,0.46369215186406704,0.007385407165375061,0.037063462312450064,0.08804909711967542,5.655501082996505,0.0393281578402585,0.03925395275371297,0.008186169021150444,0.03932903037164846,0.03620773878003536,0.001452582108343467,0.03963083332472765,0.036822144158269836,0.03892484985839149,0.0387661558611308,0.03960418349231706,0.03962415423980381,0.03923871919110872,0.0396162593148231,0.03907087303497057,0.03920315733055661,0.035681244375878586,0.03955964468333871,0.014964950165117097,0.03952614806198958,0.025052061948297937,0.03861885343530723,0.03962993125336041,0.4380694734785036,0.02167320286342937,0.03409778917415697,0.035807719564782355,0.019293978820661174,0.03963044072680058
drep,5.89885790222385e-05,0.00040902619218356994,0.0943249870621147,0.03933469110886867,0.0,0.0014910424299486474,0.00029582954053974816,0.0042380849319622795,0.00012995848871255353,0.00029614212233817854,0.00012306048541740352,0.005108736440400043,0.01917307057115181,0.06667168562511869,0.0002961320839234811,5.700954257798838,0.0007404836513248722,0.0005072651396944387,0.00028021901791904424,3.497439638683036e-05,0.04940020313559494,0.005942196576469406,0.0002960044127818365,0.00026475087206608814,0.009756993683826,0.06740107073354377,0.00024033903533216805,0.5003164749511894,0.00025099262810530904,0.00019010849740299895,0.038475815159732155,0.00026379210263034454,0.0002294817661187142,0.0780352167791362,0.0007640583183912668,0.00029609712556225243,3.9561938472134064,0.0002686780741714674,0.00032357873642551593,0.0004937456646301535,0.0002668287504618341,0.5849287495767024,0.04258939124089244,0.0002935861745225416,1.0060701826787293,0.00010543313933981365,0.0015420303801064626,0.007487297698681176,0.0002961420710595205,0.00029310259121564236,0.0005432900200303231,0.003899023682528722,0.004472313507965286,0.00029122827469203077,1.8239119455100298e-05,0.000253529685027145,3.164659674587789e-05,0.1119444692249793,0.0002945205298266977,0.0009091998014092539,0.0011925229342401175,0.00017546843392126347,2.1253211140253022e-05,0.05776707788300006,0.028950662539995557,0.00028641753785275357,0.00012482194238169883,0.011853111072938669,0.028724451249800255,0.00023238939730841653,0.0001247556465290963,0.01268345648076352,0.06240585546219865,0.012730522142637668,0.00029614166647680634,0.002761628033517232,0.005157124230334609,0.0002297395973162854,0.006592082343417291,6.210452640473119e-05,0.00042276566117386985,0.00029510504951816283,0.00014609578864174818,0.0419616965771943,0.00018859349737443564,0.0002287044057090153,0.028388400826832097,5.567668754790382e-05,5.710692774541141,0.046625001388615604,0.011069647223327362,0.0007506423110823811,0.003999508765377281,0.00029481382105923075,0.00037561607991181474,7.858129744147839e-05,0.0002000907677341658,0.00022180672092649866,0.0002959550698956279,5.705290280216396,0.006862704698792762,0.002140667754928992,0.027245662520710465,0.0002815381494711652,0.0006366624422252641,0.0019349057611369419,6.094787307117602e-05,0.5030268429729357,0.03194928394349339,0.0022712287964187275,0.12738378822854404,5.694835774105373,6.533268684989869e-06,8.07383551787489e-05,0.031148522087718122,5.66073765741901e-06,0.0031269523288330625,0.040787273217211976,0.00029614221586283634,0.0025125469505975578,0.00040984125048361224,0.0005685352477351875,0.00026949238343612115,0.0002894631309442377,9.597191775578343e-05,0.0002815682059410048,0.000263818073898994,0.00013153377831293973,0.0036534467329899104,0.00022495357446750757,0.0243697409437515,0.00019145695311386152,0.014282629160570801,0.0007158376735674798,0.00029524014448229164,0.4774041645873723,0.017661488245439328,0.005236901934712452,0.003526971544085606,0.020040712288207575,0.0002957496179462701
moonbeam,0.0015500310089435797,0.0010820162377687401,0.0928339446321644,0.03784364867891824,0.0014910424299486474,0.0,0.0017868719704901687,0.0027470425020116053,0.0016210009186394543,0.0017871845522912466,0.0013679819445525832,0.003617694010448782,0.01768202814120164,0.06518064319516834,0.0017871745138580053,5.699463215368887,0.0007505587786239927,0.0009837772902533102,0.0012108234120340876,0.001526016826304952,0.047909160705644604,0.004451154146519791,0.0017870468427412614,0.0017557933020118602,0.00826595125387597,0.06591002830359342,0.001731381465293126,0.49882543252123906,0.0017420350580537208,0.0016811509273483428,0.03698477272978175,0.001754834532579578,0.001720524196065669,0.07654417434918592,0.0007269841115511213,0.001787139555511108,3.9547028047834565,0.0017597205041138223,0.0011674636935178877,0.0009972967653174211,0.0017578711804194865,0.5834377071467521,0.04109834881094219,0.0017846286044727086,1.004579140248779,0.0013856092906303315,5.098795012700342e-05,0.005996255268730215,0.0017871845010003719,0.0017841450211757597,0.0009477524099160625,0.0024079812525772343,0.0029812710780158704,0.0017822707046297227,0.0014728033105892223,0.0017445721149761495,0.0015226890266151322,0.110453426795029,0.0017855629597812762,0.0005818426285453908,0.000298519495705678,0.0013155739960067588,0.0015122956410499456,0.05627603545304968,0.027459620110045,0.0017774599678023546,0.001615864372302888,0.010362068642988508,0.027233408819849887,0.0017234318272598827,0.0013662867834564325,0.011192414050813148,0.06091481303224833,0.011239479712687338,0.0017871840964117803,0.0012705856035631524,0.003666081800383627,0.001720782027269865,0.005101039913466436,0.0015531469563712448,0.0010682767687725516,0.0017861474794663766,0.0016371382185869543,0.04047065414724396,0.0016796359273089229,0.0017197468356555592,0.026897358396881583,0.0015467191174864832,5.709201732111191,0.04513395895866534,0.009578604793377452,0.0007404001188669277,0.002508466335425832,0.001785856251011348,0.001115426350027001,0.0014124611324915215,0.001290951662207987,0.0017128491508863466,0.001786997499840209,5.703799237786446,0.005371662268841378,0.0006496253249753551,0.025754620090760037,0.0017725805794292912,0.000854379987725761,0.0004438633311834235,0.001430094556931114,0.5015358005429854,0.03045824151354314,0.0007801863664634585,0.12589274579859372,5.693344731675423,0.0014845091613401044,0.0014103040747945185,0.0296574796577678,0.0014853816927305789,0.001635909898882059,0.03929623078726174,0.0017871846458091005,0.0010215045206511655,0.0010812011794732043,0.0009225071822105893,0.0017605348133958836,0.0017805055608861413,0.0013950705121896414,0.0017726106359024548,0.001227224356051754,0.0013595086516397822,0.002162404303037039,0.0017159960044203174,0.022878698513801147,0.0016824993830692053,0.012791586730620535,0.0007752047563860588,0.0017862825744413878,0.47591312215742193,0.016170445815488804,0.0037458595047613016,0.0020359291141339177,0.018549669858257248,0.0017867920478833327
usd-coin,0.00023684096154466666,0.0007048557327291054,0.09462081660265531,0.039630520649409265,0.00029582954053974816,0.0017868719704901687,0.0,0.004533914472503082,0.00016587105186120286,3.125915929048982e-07,0.00041889002593622696,0.005404565980940422,0.01946890011169238,0.06696751516565923,3.025522903240763e-07,5.701250087339378,0.0010363131918684084,0.0008030946802442412,0.0005760485584526164,0.0002608551441837176,0.0496960326761356,0.006238026117010478,1.7487053906967622e-07,3.107866851975512e-05,0.010052823224366578,0.06769690027408438,5.5490505151214565e-05,0.50061230449173,4.4836912480976286e-05,0.0001057210431495542,0.03877164470027276,3.203743787173783e-05,6.634777444145056e-05,0.07833104631967683,0.0010598878589371556,2.6758633409503314e-07,3.956489676753947,2.7151466492113562e-05,0.0006194082769792069,0.0007895752051715534,2.9000790045501788e-05,0.585224579117243,0.042885220781433094,2.243365673019707e-06,1.00636601221927,0.00040126267986784393,0.0018378599206508397,0.007783127239221937,3.125360930921452e-07,2.7269481226022035e-06,0.0008391195605715796,0.004194853223070598,0.004768143048505745,4.601265887586802e-06,0.0003140686599031306,4.229985557297202e-05,0.0002641829438924453,0.11224029876551991,1.309008914568063e-06,0.001205029341948072,0.001488352474782209,0.0004712979744845711,0.0002745763294513291,0.05806290742354065,0.02924649208053622,9.412002890935168e-06,0.00017100759821367856,0.012148940613479311,0.029020280790340736,6.344014327309966e-05,0.000420585187033232,0.012979286021304296,0.06270168500273926,0.013026351683178165,3.1213620313055867e-07,0.003057457574057334,0.005452953770875393,6.608994325066952e-05,0.006887911883957844,0.0002337250141273575,0.0007185952017227616,7.244947407407884e-07,0.00014973375191738685,0.04225752611773481,0.0001072360431795042,6.712513482515223e-05,0.02868423036737272,0.00024015285301550316,5.710988604081682,0.0469208309291562,0.01136547676386809,0.0010464718516242611,0.004295338305918391,1.0157207408637152e-06,0.0006714456204639163,0.00037441083800064234,0.0004959203082800416,7.402281958645146e-05,1.255594160136038e-07,5.705586109756936,0.0071585342393330155,0.002436497295470073,0.027541492061250967,1.4291391042774377e-05,0.0009324919827664552,0.0022307353016785157,0.000356777413566331,0.5033226725134763,0.03224511348403404,0.002567058336960716,0.12767961776908465,5.695131603645914,0.0003023628091638849,0.0003765678957105244,0.03144435162825892,0.0003014902777593612,0.0034227818693755956,0.041083102757752635,3.126914677440956e-07,0.002808376491138988,0.0007056707910253718,0.0008643647882803089,2.6337157062856833e-05,6.366409948939743e-06,0.00039180145830195774,1.426133476983288e-05,0.0005596476144426613,0.0004273633188518747,0.0039492762735307795,7.087596608805792e-05,0.02466557048429223,0.00010437258742767844,0.014578458701111418,0.0010116672141040847,5.894028531480954e-07,0.47769999412791286,0.017957317785980035,0.0055327314752521995,0.0038228010846272026,0.02033654182874831,7.998537478440958e-08
chainlink,0.004297073510955545,0.003829058739778607,0.0900869021301521,0.035096606176905985,0.0042380849319622795,0.0027470425020116053,0.004533914472503082,0.0,0.0043680434206530665,0.004534227054305449,0.004115024446565576,0.000870651508440045,0.014934985639189447,0.062433600693156,0.00453421701587194,5.696716172866875,0.0034976012806369108,0.0037308197922647397,0.0039578659140483835,0.00427305932832094,0.0451621182036324,0.001704111644505449,0.004534089344755536,0.004502835804025736,0.005518908751863356,0.06316298580158121,0.004478423967306548,0.49607839001922677,0.004489077560069157,0.004428193429361023,0.03423773022776956,0.00450187703459165,0.004467566698076821,0.07379713184717362,0.0034740266135696585,0.004534182057522088,3.951955762281444,0.004506763006128224,0.003914506195530021,0.003744339267328884,0.004504913682433298,0.5806906646447397,0.038351306308929974,0.004531671106486222,1.0018320977467667,0.004132651792643524,0.002696054551855026,0.003249212766717557,0.00453422700301392,0.004531187523189069,0.0036947949119316035,0.0003390612494474918,0.00023422857601870044,0.0045293132066420265,0.004219845812601048,0.004491614616986396,0.00426973152862778,0.1077063842930167,0.004532605461794725,0.0033288851305555227,0.0030455619977212277,0.004062616498019826,0.004259338143063923,0.05352899295103749,0.02471257760803298,0.004524502469815029,0.004362906874316503,0.007615026140976317,0.024486366317837464,0.004470474329271878,0.004113329285471652,0.00844537154880125,0.05816777053023614,0.008492437210674851,0.00453422659842655,0.00147645689844682,0.0009190392983761729,0.004467824529285026,0.002353997411454008,0.004300189458383159,0.0038153192707843253,0.004533189981480181,0.004384180720598071,0.03772361164523162,0.004426678429323254,0.004466789337668019,0.024150315894869347,0.0042937616194984336,5.706454689609179,0.042386916456653004,0.006831562291365314,0.003487442620878421,0.00023857616658017373,0.004532898753024102,0.003862468852041254,0.0041595036345050155,0.0040379941642207555,0.0044598916528990305,0.0045340400018546055,5.701052195284434,0.00262461976683101,0.0020974171770328153,0.023007577588747836,0.004519623081443819,0.003601422489738974,0.00230317917082785,0.004177137058941491,0.49878875804097306,0.027711199011531,0.0019668561355458596,0.12314570329658142,5.69059768917341,0.0042315516633521354,0.0041573465768066946,0.02691043715575556,0.004232424194742116,0.0011111326031336408,0.036549188285249376,0.0045342271478220255,0.0017255379813631512,0.0038282436814854595,0.0036695496842245726,0.004507577315410341,0.0045275480628982605,0.004142113014203177,0.004519653137917602,0.003974266858064854,0.0041065511536505775,0.0005846381989672765,0.004463038506432445,0.020131656011788932,0.004429541885083909,0.010044544228608116,0.0035222472584021613,0.00453332507645438,0.47316607965540963,0.013423403313476715,0.000998817002752832,0.0007111133878789595,0.015802627356244856,0.004533834549895518
basic-attention-token,7.096990970276519e-05,0.0005389846808738656,0.09445494555080537,0.03946464959755933,0.00012995848871255353,0.0016210009186394543,0.00016587105186120286,0.0043680434206530665,0.0,0.00016618363366021843,0.00025301897409777486,0.005238694929090953,0.019303029059842665,0.06680164411380932,0.00016617359522928005,5.701084216287528,0.0008704421400172243,0.0006372236283965465,0.00041017750660005055,9.498409237195892e-05,0.04953016162428558,0.006072155065160446,0.00016604592409617594,0.00013479238336727806,0.009886952172517045,0.06753102922223443,0.00011038054664008908,0.50044643343988,0.00012103413942725484,6.015000870677242e-05,0.03860577364842272,0.00013383361392473817,9.952327744936658e-05,0.07816517526782688,0.0008940168070849303,0.00016613863687351467,3.9563238057020973,0.00013871958547138617,0.0004535372251265434,0.0006237041533309524,0.00013687026181046866,0.5850587080653931,0.04271934972958322,0.0001636276858323558,1.00620014116742,0.00023539162803027324,0.0016719888687988138,0.0076172561873717294,0.00016618358236495975,0.00016314410252947931,0.0006732485087210765,0.004028982171220579,0.004602271996656922,0.00016126978599513683,0.00014819760806729517,0.00012357119634284335,9.831189208223424e-05,0.11207442771366995,0.00016456204113877765,0.0010391582901019946,0.0013224814229300277,0.00030542692264097135,0.00010870527759343534,0.057897036371690774,0.02908062102868611,0.00015645904915708922,5.13654719761334e-06,0.011983069561629076,0.02885440973849089,0.00010243090866599048,0.00025471413518319544,0.012813414969454288,0.06253581395088939,0.012860480631328122,0.00016618317780619463,0.002891586522207964,0.005287082719026169,9.978110867796058e-05,0.006722040832107378,6.785396229350827e-05,0.0005527241498723454,0.0001651465608154644,1.6137300345077884e-05,0.04209165506588487,5.863500874017978e-05,9.874591704508918e-05,0.028518359315522664,7.428180117003928e-05,5.710822733029833,0.04675495987730636,0.011199605712018227,0.0008806007997768216,0.004129467254067798,0.00016485533237801635,0.0005055745686128393,0.00020853978613741668,0.0003300492564310846,9.1848232235557e-05,0.0001659965812299074,5.705420238705086,0.006992663187483273,0.0022706262436217434,0.027375621009401236,0.00015157966081391094,0.0007666209309158493,0.0020648642498292493,0.00019090636171904918,0.5031568014616263,0.03207924243218412,0.002401187285109177,0.1275137467172347,5.6949657325940635,0.00013649175733577258,0.0002106968438683584,0.031278480576408974,0.00013561922593289754,0.003256910817524037,0.04091723170590278,0.00016618372716911692,0.002642505439291565,0.0005397997391685945,0.0006984937364286692,0.00013953389477267363,0.0001595046422385152,0.00022593040646875368,0.00015160971725556755,0.0003937765625971355,0.0002614922670151221,0.0037834052216800993,9.499508577070858e-05,0.0244996994324422,6.149846444874533e-05,0.014412587649261448,0.0008457961622535562,0.00016528165580092057,0.4775341230760629,0.017791446734130054,0.005366860423402397,0.003656930032778073,0.020170670776898058,0.00016579112924190536
bittorrent,0.00023715354333737846,0.0007051683145292076,0.0946211291844571,0.039630833231211,0.00029614212233817854,0.0017871845522912466,3.125915929048982e-07,0.004534227054305449,0.00016618363366021843,0.0,0.000419202607747113,0.005404878562742572,0.01946921269349418,0.066967827747461,9.85619169125181e-09,5.70125039992118,0.0010366257736663259,0.0008034072620445377,0.0005763611402512956,0.00026116772598416734,0.049696345257937306,0.006238338698812421,1.37709829131324e-07,3.139125037873465e-05,0.010053135806168808,0.0676972128558862,5.5803086963814345e-05,0.5006126170735318,4.51494942582779e-05,0.00010603362492536506,0.03877195728207453,3.235001963555001e-05,6.666035625912381e-05,0.07833135890147862,0.0010602004407381884,4.493571103295244e-08,3.956489989335749,2.7464048296915363e-05,0.0006197208587749179,0.0007898877869754124,2.9313371866656746e-05,0.5852248916990448,0.04288553336323495,2.555946894424862e-06,1.0063663248010717,0.0004015752616600967,0.0018381725024510908,0.007783439821023497,2.634178031930877e-09,3.039530992602947e-06,0.0008394321423713683,0.004195165804871884,0.0047684556303072565,4.91384854219838e-06,0.00031438124170329033,4.261243731535508e-05,0.0002644955256927463,0.1122406113473217,1.6215928076507626e-06,0.0012053419237529745,0.0014886650565836428,0.0004716105562796364,0.00027488891122645187,0.05806322000534249,0.029246804662337936,9.7245843766083e-06,0.0001713201800112982,0.012149253195281007,0.029020593372142595,6.375272502011728e-05,0.00042089776883991214,0.012979598603106247,0.06270199758454112,0.013026664264979677,2.634178031930877e-09,0.0030577701558580517,0.005453266352676567,6.640252503957237e-05,0.006888224465759364,0.00023403759593565646,0.0007189077835262999,1.0370735828337912e-06,0.0001500463336985696,0.042257838699536726,0.00010754862499465948,6.743771660523527e-05,0.0286845429491744,0.00024046543479750652,5.710988916663484,0.046921143510958066,0.011365789345669884,0.0010467844334280353,0.004295650887720621,1.3282997811194981e-06,0.0006717582022593825,0.00037472341979227503,0.0004962328900809947,7.433540142257842e-05,1.8704518989672052e-07,5.7055864223387385,0.007158846821134815,0.0024368098772711406,0.027541804643052815,1.4603972810272498e-05,0.0009328045645678251,0.002231047883479794,0.0003570899953713645,0.5033229850952781,0.03224542606583582,0.002567370918759803,0.12767993035088646,5.695131916227715,0.00030267539095593817,0.00037688047750824904,0.0314446642100607,0.000301802859565348,0.003423094451175683,0.04108341533955441,2.634178031930877e-09,0.0028086890729423506,0.0007059833728198637,0.0008646773700753893,2.664973882510614e-05,6.6789915154080325e-06,0.00039211404009533227,1.4573916522274964e-05,0.0005599601962437534,0.00042767590066130186,0.00394958885533144,7.118854780681674e-05,0.024665883066093897,0.0001046851691994195,0.014578771282913208,0.0010119797959067846,9.019781003724041e-07,0.47770030670971464,0.017957630367781387,0.005533044057054778,0.003823113666428074,0.020336854410549884,3.925013661817603e-07
enjin-coin,0.0001820490643896999,0.00028596570678129154,0.09420192657671764,0.039211630623471494,0.00012306048541740352,0.0013679819445525832,0.00041889002593622696,0.004115024446565576,0.00025301897409777486,0.000419202607747113,0.0,0.004985675955002192,0.019050010085754965,0.06654862513972162,0.0004191925693180184,5.70083119731344,0.0006174231659310367,0.0003842046543007309,0.00015715853249215645,0.00015803488176528504,0.049277142650197926,0.0058191360910720994,0.00041906489819317264,0.0003878113574672102,0.00963393319842918,0.0672780102481467,0.00036339952073468544,0.5001934144657924,0.00037405311351427465,0.00031316898279634556,0.03835275467433511,0.0003868525880257768,0.0003525422515192289,0.07791215629373917,0.0006409978330003616,0.00041915761096533315,3.9560707867280094,0.00039173855956012055,0.00020051825104816336,0.00037068517924603223,0.0003898892358738305,0.5848056890913053,0.04246633075549534,0.00041664665992439514,1.005947122193332,1.7627346253763165e-05,0.001418969894711915,0.007364237213284154,0.0004192025564423201,0.00041616307662308157,0.0004202295346332392,0.003775963197132268,0.004349253022567908,0.0004142887600826934,0.0001048213660317477,0.00037659017042236984,0.00015470708207583736,0.11182140873958223,0.0004175810152307638,0.0007861393160147421,0.00106946244884457,5.2407948482036084e-05,0.00014431369648713912,0.05764401739760297,0.02882760205459838,0.00040947802325348807,0.0002478824277516451,0.01173005058754157,0.02860139076440312,0.00035544988271348844,1.6951626402352917e-06,0.012560395995366503,0.062282794976801566,0.012607461657240474,0.0004192021518633784,0.0026385675481181282,0.005034063744937845,0.0003528000827239224,0.006469021858020508,0.0001851650118293739,0.00029970517578276973,0.0004181655349138057,0.0002691562740426907,0.041838636091797145,0.000311653982751691,0.00035176489109903903,0.028265340341435023,0.00017873717293120732,5.710569714055745,0.046501940903218575,0.01094658673793044,0.0006275818256832993,0.0038764482799813556,0.0004178743064586457,0.00025255559453906995,4.447918787067457e-05,7.703028235768068e-05,0.00034486720632379285,0.0004190155552972345,5.705167219730999,0.006739644213395341,0.0020176072695330272,0.02712260203531325,0.00040459863488577724,0.0005136019568360785,0.0018118452757418667,6.211261245242569e-05,0.5029037824875386,0.031826223458096374,0.002148168311022699,0.12726072774314698,5.694712713619976,0.00011652721678044142,4.232213027727464e-05,0.031025461602321166,0.00011739974819576994,0.0030038918434371945,0.04066421273181501,0.0004192027012610273,0.0023894864652020623,0.00028678076508661547,0.00044547476233945405,0.00039255286883961864,0.00041252361634112227,2.7088567582017422e-05,0.0004046286913549975,0.00014075758851549408,8.473292960258407e-06,0.0035303862475931885,0.00034801405987169024,0.024246680458354333,0.0003145174385302426,0.014159568675173706,0.0005927771881716325,0.0004183006299002862,0.47728110410197516,0.017538427760042077,0.005113841449315035,0.003403911058690363,0.019917651802810438,0.0004188101033262478
bitlux-otc,0.005167725019392332,0.004699710248215817,0.08921625062171502,0.034225954668468825,0.005108736440400043,0.003617694010448782,0.005404565980940422,0.000870651508440045,0.005238694929090953,0.005404878562742572,0.004985675955002192,0.0,0.014064334130752327,0.06156294918471894,0.005404868524309665,5.695845521358438,0.004368252789074703,0.004601471300702821,0.004828517422485125,0.005143710836757298,0.044291466695195215,0.0008334601360701317,0.005404740853192207,0.00537348731246224,0.004648257243426306,0.06229233429314402,0.005349075475743565,0.4952077385107897,0.005359729068505694,0.005298844937797954,0.03336707871933247,0.005372528543028792,0.005338218206513805,0.07292648033873654,0.004344678122005611,0.005404833565959417,3.9510851107730067,0.005377414514565443,0.004785157703966181,0.004614990775767362,0.005375565190870666,0.5798200131363027,0.037480654800492785,0.005402322614923745,1.0009614462383296,0.005003303301081127,0.0035667060602920186,0.0023785612582824596,0.0054048785114507334,0.005401839031626377,0.004565446420368909,0.00120971275787333,0.0006364229324346142,0.005399964715079191,0.005090497321037472,0.00536226612542387,0.005140383037064233,0.10683573278457958,0.005403256970232357,0.004199536638991937,0.003916213506158425,0.004933268006456644,0.005129989651501406,0.05265834144260041,0.02384192609959586,0.0053951539782522255,0.0052335583827529675,0.006744374632539268,0.023615714809400397,0.005341125837709578,0.004983980793907703,0.007574720040364341,0.05729711902179897,0.007621785702237549,0.005404878106862386,0.0023471084068843627,4.838778995065202e-05,0.005338476037721594,0.0014833459030203372,0.005170840966820658,0.004685970779222156,0.005403841489917934,0.005254832229034597,0.03685296013679452,0.005297329937760392,0.005337440846105323,0.023279664386432326,0.005164413127935726,5.705584038100742,0.04151626494821596,0.005960910782928644,0.004358094129314951,0.0011092276750222063,0.005403550261460745,0.004733120360478847,0.005030155142941252,0.0049086456726565655,0.005330543161336437,0.005404691510291759,5.700181543775996,0.0017539682583926448,0.0029680686854705388,0.02213692608031071,0.005390274589879926,0.004472073998174916,0.0031738306792634644,0.00504778856737788,0.497918106532536,0.026840547503093715,0.0028375076439817615,0.12227505178814434,5.689727037664973,0.005102203171790412,0.005027998085244371,0.02603978564731859,0.005103075703179011,0.001981784111568456,0.03567853677681236,0.005404878656259266,0.0025961894898025827,0.004698895189923524,0.00454020119266257,0.005378228823847444,0.00539819957133544,0.0050127645226396775,0.005390304646353485,0.004844918366501356,0.004977202662087789,0.0014552897074072346,0.00533369001486925,0.019261004503351845,0.005300193393520634,0.009173892720170863,0.0043928987668386795,0.005403976584892008,0.47229542814697256,0.012552751805039423,0.0001281654943403487,0.0015817648963117785,0.014931975847807612,0.005404486058332504
sumcoin,0.019232059150144143,0.018764044378967587,0.0751519164909629,0.020161620537716883,0.01917307057115181,0.01768202814120164,0.01946890011169238,0.014934985639189447,0.019303029059842665,0.01946921269349418,0.019050010085754965,0.014064334130752327,0.0,0.047498615053966846,0.019469202655060785,5.681781187227685,0.018432586919826324,0.018665805431454387,0.018892851553237756,0.019208044967509916,0.03022713256444311,0.01323087399468272,0.019469074983944203,0.019437821443214574,0.009416076887325866,0.04822800016239194,0.019413409606495863,0.48114340438003755,0.01942406319925772,0.019363179068550476,0.019302744588580476,0.01943686267378085,0.01940255233726555,0.05886214620798442,0.018409012252757703,0.01946916769671136,3.937020776642255,0.01944174864531675,0.018849491834718953,0.018679324906518777,0.01943989932162259,0.5657556790055506,0.023416320669740705,0.01946665674567596,0.9868971121075775,0.01906763743183234,0.017631040191044407,0.011685772872471344,0.0194692126422022,0.019466173162378846,0.0186297805511207,0.01527404688862337,0.01470075706318705,0.019464298845831427,0.019154831451790123,0.019426600256176093,0.019204717167816583,0.09277139865382747,0.019467591100984446,0.018263870769744135,0.017980547636909757,0.01899760213720942,0.019194323782252883,0.03859400731184817,0.009777591968843662,0.019459488109003706,0.019297892513505194,0.00731995949821322,0.00955138067864834,0.0194054599684616,0.019048314924659887,0.006489614090388515,0.0432327848910468,0.006442548428514367,0.01946921223761482,0.016411442537636392,0.014015946340817364,0.019402810168473474,0.012580988227735183,0.019235175097572856,0.018750304909974033,0.019468175620669676,0.019319166359786897,0.02278862600604254,0.01936166406851296,0.019401774976857543,0.009215330255679782,0.019228747258688183,5.691519703969989,0.02745193081746388,0.00810342334782413,0.018422428260067614,0.015173561805774045,0.019467884392212968,0.018797454491230322,0.019094489273693716,0.01897297980340919,0.01939487729208894,0.019469025641043844,5.686117209645244,0.012310365872359619,0.017032402816222043,0.008072591949559033,0.019454608720632323,0.018536408128927394,0.01723816481001547,0.019112122698130268,0.48385377240178384,0.012776213372341545,0.016901841774733577,0.10821071765739221,5.675662703534221,0.01916653730254165,0.019092332215996325,0.011975451516566642,0.019167409833931597,0.01604611824231873,0.02161420264606028,0.019469212787011046,0.016660523620553033,0.018763229320674864,0.018604535323414193,0.019442562954600274,0.019462533702087153,0.01907709865339188,0.0194546387771062,0.018909252497253785,0.019041536792839767,0.015519623838161708,0.019398024145621928,0.0051966703725992505,0.019364527524272934,0.004890441410580724,0.018457232897590506,0.019468310715643807,0.4582310940162204,0.0015115823257144546,0.013936168636440302,0.015646099027065714,0.0008676417170584351,0.019468820189084066
